1
2
3
4
5
6
7
9
8
40
10
51
11
12
13
14
15
16
17
52
18
19
20
21
22
59
24
25
26
27
28
29
31
30
32
33
34
35
36
38
37
1
2
3
4
5
6
7
9
8
40
10
51
11
12
13
14
15
16
17
52
18
19
20
21
22
59
24
25
26
27
28
29
31
30
32
33
34
35
36
38
37
1
2
3
4
5
6
7
9
8
40
10
51
11
12
13
14
15
16
17
52
18
19
20
21
22
59
24
25
26
27
28
29
31
30
32
33
34
35
36
38
37
1
2
3
4
5
6
7
9
8
40
10
51
11
12
13
14
15
16
17
52
18
19
20
21
22
59
24
25
26
27
28
29
31
30
32
33
34
35
36
38
37
1
2
3
4
5
6
7
9
8
40
10
51
11
12
13
14
15
16
17
52
18
19
20
21
22
59
24
25
26
27
28
29
31
30
32
33
34
35
36
38
37
1
2
3
4
5
6
7
9
8
40
10
51
11
12
13
14
15
16
17
52
18
19
20
21
22
59
24
25
26
27
28
29
31
30
32
33
34
35
36
38
37
1
2
3
4
5
6
7
9
8
40
10
51
11
12
13
14
15
16
17
52
18
19
20
21
22
59
24
25
26
27
28
29
31
30
32
33
34
35
36
38
37
1
2
3
4
5
6
7
9
8
40
10
51
11
12
13
14
15
16
17
52
18
19
20
21
22
59
24
25
26
27
28
29
31
30
32
33
34
35
36
38
37
1
2
3
4
5
6
7
9
8
40
10
51
11
12
13
14
15
16
17
52
18
19
20
21
22
59
24
25
26
27
28
29
31
30
32
33
34
35
36
38
37
1
2
3
4
5
6
7
9
8
40
10
51
11
12
13
14
15
16
17
52
18
19
20
21
22
59
24
25
26
27
28
29
31
30
32
33
34
35
36
38
37
1
2
3
4
5
6
7
9
8
40
10
51
11
12
13
14
15
16
17
52
18
19
20
21
22
59
24
25
26
27
28
29
31
30
32
33
34
35
36
38
37
1
2
3
4
5
6
7
9
8
40
10
51
11
12
13
14
15
16
17
52
18
19
20
21
22
59
24
25
26
27
28
29
31
30
32
33
34
35
36
38
37
1
2
3
4
5
6
7
9
8
40
10
51
11
12
13
14
15
16
17
52
18
19
20
21
22
59
24
25
26
27
28
29
31
30
32
33
34
35
36
38
37
1
2
3
4
5
6
7
9
8
40
10
51
11
12
13
14
15
16
17
52
18
19
20
21
22
59
24
25
26
27
28
29
31
30
32
33
34
35
36
38
37
1
2
3
4
5
6
7
9
8
40
10
51
11
12
13
14
15
16
17
52
18
19
20
21
22
59
24
25
26
27
28
29
31
30
32
33
34
35
36
38
37
1
2
3
4
5
6
7
9
8
40
10
51
11
12
13
14
15
16
17
52
18
19
20
21
22
59
24
25
26
27
28
29
31
30
32
33
34
35
36
38
37
1
2
3
4
5
6
7
9
8
40
10
51
11
12
13
14
15
16
17
52
18
19
20
21
22
59
24
25
26
27
28
29
31
30
32
33
34
35
36
38
37
1
2
3
4
5
6
7
9
8
40
10
51
11
12
13
14
15
16
17
52
18
19
20
21
22
59
24
25
26
27
28
29
31
30
32
33
34
35
36
38
37
1
2
3
4
5
6
7
9
8
40
10
51
11
12
13
14
15
16
17
52
18
19
20
21
22
59
24
25
26
27
28
29
31
30
32
33
34
35
36
38
37
1
2
3
4
5
6
7
9
8
40
10
51
11
12
13
14
15
16
17
52
18
19
20
21
22
59
24
25
26
27
28
29
31
30
32
33
34
35
36
38
37
1
2
3
4
5
6
7
9
8
40
10
51
11
12
13
14
15
16
17
52
18
19
20
21
22
59
24
25
26
27
28
29
31
30
32
33
34
35
36
38
37
1
2
3
4
5
6
7
9
8
40
10
51
11
12
13
14
15
16
17
52
18
19
20
21
22
59
24
25
26
27
28
29
31
30
32
33
34
35
36
38
37
1
2
3
4
5
6
7
9
8
40
10
51
11
12
13
14
15
16
17
52
18
19
20
21
22
59
24
25
26
27
28
29
31
30
32
33
34
35
36
38
37
1
2
3
4
5
6
7
9
8
40
10
51
11
12
13
14
15
16
17
52
18
19
20
21
22
59
24
25
26
27
28
29
31
30
32
33
34
35
36
38
37
1
2
3
4
5
6
7
9
8
40
10
51
11
12
13
14
15
16
17
52
18
19
20
21
22
59
24
25
26
27
28
29
31
30
32
33
34
35
36
38
37
1
2
3
4
5
6
7
9
8
40
10
51
11
12
13
14
15
16
17
52
18
19
20
21
22
59
24
25
26
27
28
29
31
30
32
33
34
35
36
38
37
1
2
3
4
5
6
7
9
8
40
10
51
11
12
13
14
15
16
17
52
18
19
20
21
22
59
24
25
26
27
28
29
31
30
32
33
34
35
36
38
37
1
2
3
4
5
6
7
9
8
40
10
51
11
12
13
14
15
16
17
52
18
19
20
21
22
59
24
25
26
27
28
29
31
30
32
33
34
35
36
38
37
1
2
3
4
5
6
7
9
8
40
10
51
11
12
13
14
15
16
17
52
18
19
20
21
22
59
24
25
26
27
28
29
31
30
32
33
34
35
36
38
37
1
2
3
4
5
6
7
9
8
40
10
51
11
12
13
14
15
16
17
52
18
19
20
21
22
59
24
25
26
27
28
29
31
30
32
33
34
35
36
38
37
1
2
3
4
5
6
7
9
8
40
10
51
11
12
13
14
15
16
17
52
18
19
20
21
22
59
24
25
26
27
28
29
31
30
32
33
34
35
36
38
37
1
2
3
4
5
6
7
9
8
40
10
51
11
12
13
14
15
16
17
52
18
19
20
21
22
59
24
25
26
27
28
29
31
30
32
33
34
35
36
38
37
1
2
3
4
5
6
7
9
8
40
10
51
11
12
13
14
15
16
17
52
18
19
20
21
22
59
24
25
26
27
28
29
31
30
32
33
34
35
36
38
37
1
2
3
4
5
6
7
9
8
40
10
51
11
12
13
14
15
16
17
52
18
19
20
21
22
59
24
25
26
27
28
29
31
30
32
33
34
35
36
38
37
1
2
3
4
5
6
7
9
8
40
10
51
11
12
13
14
15
16
17
52
18
19
20
21
22
59
24
25
26
27
28
29
31
30
32
33
34
35
36
38
37
1
2
3
4
5
6
7
9
8
40
10
51
11
12
13
14
15
16
17
52
18
19
20
21
22
59
24
25
26
27
28
29
31
30
32
33
34
35
36
38
37
1
2
3
4
5
6
7
9
8
40
10
51
11
12
13
14
15
16
17
52
18
19
20
21
22
59
24
25
26
27
28
29
31
30
32
33
34
35
36
38
37
1
2
3
4
5
6
7
9
8
40
10
51
11
12
13
14
15
16
17
52
18
19
20
21
22
59
24
25
26
27
28
29
31
30
32
33
34
35
36
38
37
1
2
3
4
5
6
7
9
8
40
10
51
11
12
13
14
15
16
17
52
18
19
20
21
22
59
24
25
26
27
28
29
31
30
32
33
34
35
36
38
37
1
2
3
4
5
6
7
9
8
40
10
51
11
12
13
14
15
16
17
52
18
19
20
21
22
59
24
25
26
27
28
29
31
30
32
33
34
35
36
38
37
1
2
3
4
5
6
7
9
8
40
10
51
11
12
13
14
15
16
17
52
18
19
20
21
22
59
24
25
26
27
28
29
31
30
32
33
34
35
36
38
37
1
2
3
4
5
6
7
9
8
40
10
51
11
12
13
14
15
16
17
52
18
19
20
21
22
59
24
25
26
27
28
29
31
30
32
33
34
35
36
38
37
1
2
3
4
5
6
7
9
8
40
10
51
11
12
13
14
15
16
17
52
18
19
20
21
22
59
24
25
26
27
28
29
31
30
32
33
34
35
36
38
37
1
2
3
4
5
6
7
9
8
40
10
51
11
12
13
14
15
16
17
52
18
19
20
21
22
59
24
25
26
27
28
29
31
30
32
33
34
35
36
38
37
1
2
3
4
5
6
7
9
8
40
10
51
11
12
13
14
15
16
17
52
18
19
20
21
22
59
24
25
26
27
28
29
31
30
32
33
34
35
36
38
37
1
2
3
4
5
6
7
9
8
40
10
51
11
12
13
14
15
16
17
52
18
19
20
21
22
59
24
25
26
27
28
29
31
30
32
33
34
35
36
38
37
1
2
3
4
5
6
7
9
8
40
10
51
11
12
13
14
15
16
17
52
18
19
20
21
22
59
24
25
26
27
28
29
31
30
32
33
34
35
36
38
37
1
2
3
4
5
6
7
9
8
40
10
51
11
12
13
14
15
16
17
52
18
19
20
21
22
59
24
25
26
27
28
29
31
30
32
33
34
35
36
38
37
1
2
3
4
5
6
7
9
8
40
10
51
11
12
13
14
15
16
17
52
18
19
20
21
22
59
24
25
26
27
28
29
31
30
32
33
34
35
36
38
37
40
15
10
24
40
15
10
24
40
15
10
24
1
2
3
4
5
6
7
9
8
40
10
51
11
12
13
14
15
16
17
52
18
19
20
21
22
59
24
25
26
27
28
29
31
30
32
33
34
35
36
38
37
40
15
10
24
